39832689.58024044
39832689.58024044
577007681.6504352
38158603.69281751
39832689.58024044
39832689.58024044
190505764.27222717
49851264.804350756
39832689.58024044
188576021.10318702
188576021.10318702
188675507.12226287
188675507.13588554
188576021.10318702
188576021.10318702
188576021.1122158
758439700.5851332
188576021.10318702
190684878.85177663
190684878.85177663
149025850.67024752
190079835.3749149
190684878.85177663
190684878.85177663
178727747.1110381
132806990.58423677
190684878.85177663
723690735.5232372
723690735.5232372
190381491.0635218
647349179.3921428
723690735.5232372
723690735.5232372
190351736.96084547
190351736.95590797
723690735.5232372
190422055.66076
190422055.66076
190422055.67015836
190422055.6684473
190422055.66076
190422055.66076
190422055.6691297
190422055.66435215
190422055.66076
190477861.22456127
190477861.22456127
190477861.23440433
190477861.23249564
190477861.22456127
190477861.22456127
38199497.66845562
157077764.39542776
190477861.22456127
190495080.3820489
190495080.3820489
190495080.39178747
158466543.15212533
190495080.3820489
190495080.3820489
190495080.3908396
190495080.3857722
190495080.3820489
154758938.69676012
154758938.69676012
655517330.4702365
158509621.0954214
154758938.69676012
154758938.69676012
190502298.78838554
138547543.695461
154758938.69676012
190504944.30721688
190504944.30721688
190504944.31700817
156301471.4996693
190504944.30721688
190504944.30721688
190504944.31626216
190504944.3109517
190504944.30721688
190505498.7916735
190505498.7916735
190505498.80091977
190505498.79946637
190505498.7916735
190505498.7916735
82420836.11905959
156304818.4909946
190505498.7916735
190505665.78607422
190505665.78607422
190505665.7959173
190505665.7941174
190505665.78607422
190505665.78607422
190505665.7950327
190505665.79023367
190505665.78607422
50432731.558347195
50432731.558347195
190505731.44906846
190505731.4476854
50432731.558347195
50432731.558347195
190505731.44862962
158530059.02375743
50432731.558347195
154751056.14502734
154751056.14502734
156306365.00537243
190505754.9922671
154751056.14502734
154751056.14502734
158494982.83612493
653491459.7996297
154751056.14502734
158109459.2311032
158109459.2311032
158530241.33837035
637148308.1297755
158109459.2311032
158109459.2311032
158530241.20302567
190505762.05465144
158109459.2311032
647743775.8504373
647743775.8504373
158530248.36234912
154751121.3489257
647743775.8504373
647743775.8504373
158530248.22866255
696651188.8588287
647743775.8504373
158512772.04477704
158512772.04477704
190505763.84387878
50432603.49819373
158512772.04477704
158512772.04477704
156306418.28420645
190505763.83837405
158512772.04477704
190505764.14022395
190505764.14022395
190505764.14954066
156306420.10830292
190505764.14022395
190505764.14022395
190505764.1485487
158530253.57401964
190505764.14022395
190505764.2245713
190505764.2245713
190505764.23377237
190505764.23248795
190505764.2245713
190505764.2245713
156288928.50884512
137319797.0423929
190505764.2245713
137302016.0987771
137302016.0987771
666162005.1481436
190505764.25942189
137302016.0987771
137302016.0987771
134793353.13056168
667463066.811961
137302016.0987771
190505764.26163393
190505764.26163393
190505764.27130207
190505764.2694827
190505764.26163393
190505764.26163393
190505764.2709001
158530254.29902476
190505764.26163393
