1802733429.0142424
1802733429.0142424
3888263383.717212
2893270538.350626
1802733429.0142434
2393771420.218178
1802733429.0142434
1802733429.0142434
1802733429.0142434
1802733429.0142434
1802733429.0142434
1802733429.0142434
1802733429.0142434
1802733429.0142434
1802733429.0142434
1802733429.0142434
1802733429.0142434
1802733429.0142434
1802733429.0142434
1802733429.0142434
1802733429.0142434
1802733429.0142434
1802733429.0142434
1802733429.0142434
1802733429.0142434
1802733429.0142434
1802733429.0142434
1802733429.0142434
1802733429.0142434
1802733429.0142434
1802733429.0142434
1802733429.0142434
1802733429.0142434
1802733429.0142434
1802733429.0142434
1802733429.0142434
1802733429.0142434
1802733429.0142434
1802733429.0142434
1802733429.0142434
1802733429.0142434
1802733429.0142434
1802733429.0142434
1802733429.0142434
1802733429.0142434
1802733429.0142434
1802733429.0142434
1802733429.0142434
1802733429.0142434
1802733429.0142434
1802733429.0142434
1802733429.0142434
1802733429.0142434
1802733429.0142434
1802733429.0142434
1802733429.0142434
1802733429.0142434
1813714371.8619754
1784965890.2421594
4217644648.183142
1784965890.2421594
2353030036.008022
1537623329.071419
1521918766.919474
1575173631.281231
1528390651.8577724
1517958201.4835794
1520485571.5166843
1515110449.3976827
1515110449.3976827
1500325579.5179539
1476403157.5783875
1071603586.9307972
1071603586.9307972
1071603586.9307972
1071603586.9307972
1071603586.9307972
1071603586.9307972
1071603586.9307972
1071603586.9307972
1071603586.9307972
1071603586.9307972
1071603586.9307972
1071603586.9307972
1071603586.9307972
1071603586.9307972
1071603586.9307972
1071603586.9307972
1071603586.9307972
1071603586.9307972
1071603586.9307972
1071603586.9307972
1071603586.9307972
1071603586.9307972
1071603586.9307972
1071603586.9307972
1071603586.9307972
1875032419.0305707
3195184496.0345206
1071603586.9307953
2069738543.1520336
1071603586.9307953
1071603586.9307953
1071603586.9307953
1071603586.9307953
1071603586.9307953
1071603586.9307953
1071603586.9307953
1071603586.9307953
1071603586.9307953
1071603586.9307953
1071603586.9307953
1071603586.9307953
1071603586.9307953
1071603586.9307953
1071603586.9307953
1071603586.9307953
1071603586.9307953
1071603586.9307953
1071603586.9307953
1071603586.9307953
1071603586.9307953
1071603586.9307953
1071603586.9307953
1071603586.9307953
1071603586.9307953
1071603586.9307953
1071603586.9307953
1071603586.9307953
1071603586.9307953
1071603586.9307953
1071603586.9307953
1071603586.9307953
1071603586.9307953
1071603586.9307953
1071603586.9307953
1071603586.9307953
1071603586.9307953
1071603586.9307953
1071603586.9307953
1071603586.9307953
1071603586.9307953
1071603586.9307953
1071603586.9307953
1071603586.9307953
1071603586.9307953
1071603586.9307953
1071603586.9307953
1071603586.9307953
1071603586.9307953
1071603586.9307953
1071603586.9307953
1090025014.241734
1071528486.5001587
1068786831.9696598
1068786831.9696598
1067731017.8707266
1067078488.8633207
1068071028.03017
1067252229.1119062
1066924447.6622868
1067237104.0049236
1066972378.9332094
1066918573.3806955
1066898145.2516515
1066906899.9572403
1066898145.2516515
1084616959.0059254
1038228502.2986887
548138615.9346185
548138615.9346185
548138615.9346185
548138615.9346185
548138615.9346185
548138615.9346185
548138615.9346185
548138615.9346185
548138615.9346185
548138615.9346185
548138615.9346185
548138615.9346185
548138615.9346185
548138615.9346185
548138615.9346185
548138615.9346185
548138615.9346185
548138615.9346185
548138615.9346185
548138615.9346185
548138615.9346185
548138615.9346185
548138615.9346185
548138615.9346185
548138615.9346185
542608106.9375367
1309460202.7113378
542608106.9375367
542608106.9375367
542608106.9375367
1309460202.7113378
542608106.9375367
542608106.9375367
542608106.9375367
542608106.9375367
542608106.9375367
542608106.9375367
542608106.9375367
531395786.5141022
513253870.9420746
2608441873.1441
513253870.9420746
1791146438.0686731
849093859.9758724
489261844.4968423
444106396.9926836
452441015.4090531
436514331.93882865
447528828.1789051
434839005.1390228
433677724.8684268
431717138.79548514
432826048.45599616
431717138.79548514
445829935.5792409
408882154.0217736
3533076555.2874722
408882154.0217736
1422912699.204338
601619278.326968
287913178.6263936
290171168.0132854
312571258.9057476
286368443.39801735
278923531.65903986
277819388.16143125
281674872.92610776
277819388.16143125
277819388.16143125
277819388.16143125
277819388.16143125
277819388.16143125
277819388.16143125
277819388.16143125
277819388.16143125
277819388.16143125
277819388.16143125
277819388.16143125
277819388.16143125
277819388.16143125
1351250166.1483076
1404242083.1333208
277819388.16143125
1382862289.963153
277819388.16143125
277819388.16143125
277819388.16143125
277819388.16143125
277819388.16143125
277819388.16143125
277819388.16143125
277819388.16143125
277819388.16143125
277819388.16143125
277819388.16143125
277819388.16143125
277819388.16143125
277819388.16143125
277819388.16143125
277819388.16143125
277819388.16143125
277819388.16143125
277819388.16143125
277819388.16143125
277819388.16143125
277819388.16143125
277819388.16143125
277819388.16143125
277819388.16143125
277819388.16143125
277819388.16143125
277819388.16143125
277819388.16143125
277819388.16143125
277819388.16143125
277819388.16143125
277819388.16143125
277819388.16143125
277819388.16143125
277819388.16143125
277819388.16143125
277819388.16143125
277819388.16143125
277819388.16143125
277819388.16143125
277819388.16143125
277819388.16143125
277819388.16143125
277819388.16143125
277819388.16143125
277819388.16143125
277819388.16143125
277819388.16143125
277819388.16143125
277819388.16143125
289247300.2822334
296371541.3052584
277819388.16143125
284643761.67433476
281999153.76501745
278323403.88474476
278322978.36214745
277773046.16858816
277751655.5973405
277969881.4681388
277692437.756098
277705420.5805006
277698852.8714519
277694238.5886747
277692261.3495649
277693988.4322825
277692261.3495649
294069620.8959489
271885282.5892495
273470355.5600998
262489394.21834153
1993541501.7260432
262489394.21834153
1591972699.461452
496558602.97239155
205415392.9791895
215961422.30204841
228664795.6943223
196879934.32429874
186666851.03755593
180726633.06398025
199037381.15702978
182765800.50345457
187720716.25113478
181328192.810747
180726633.06398025
180726633.06398025
180726633.06398025
180726633.06398025
180726633.06398025
180726633.06398025
180726633.06398025
180726633.06398025
180726633.06398025
180726633.06398025
180726633.06398025
180726633.06398025
180726633.06398025
1383824003.9545712
1754040227.1250722
180726633.06398025
1328195007.3959453
180726633.06398025
180726633.06398025
180726633.06398025
180726633.06398025
180726633.06398025
180726633.06398025
180726633.06398025
180726633.06398025
180726633.06398025
180726633.06398025
180726633.06398025
180726633.06398025
180726633.06398025
180726633.06398025
180726633.06398025
180726633.06398025
180726633.06398025
180726633.06398025
180726633.06398025
180726633.06398025
180726633.06398025
180726633.06398025
180726633.06398025
180726633.06398025
180726633.06398025
180726633.06398025
180726633.06398025
180726633.06398025
180726633.06398025
180726633.06398025
180726633.06398025
180726633.06398025
180726633.06398025
180726633.06398025
180726633.06398025
180726633.06398025
180726633.06398025
180726633.06398025
180726633.06398025
180726633.06398025
180726633.06398025
180726633.06398025
180726633.06398025
180726633.06398025
180726633.06398025
180726633.06398025
180726633.06398025
180726633.06398025
180726633.06398025
180726633.06398025
180726633.06398025
190093782.80165738
198532076.56877252
180726633.06398025
187527031.48915932
184304565.76491466
181154046.87884492
181607928.66751927
180880423.45258826
180775445.1337802
180757865.8649796
180727340.53561342
180731040.88307035
180726804.84496808
180726135.91509596
180726588.70660636
180726176.3989273
180726219.6756276
180726135.5530922
180726141.509081
180726135.5530922
197709758.93482614
185607350.8453985
180726135.5530922
182590593.79080024
186983508.41572678
181423792.5578428
182886445.42383036
180992616.8076908
181321506.66300926
180811527.4304959
180723753.26468322
180691145.84422332
180693464.8582148
180684850.48299205
180676091.88010558
180673364.9156209
180699178.49099433
180672746.39140356
180672212.4996932
180671673.26908687
180671673.26908687
180671673.26908687
180671673.26908687
180671673.26908687
180671673.26908687
180671673.26908687
180671673.26908687
180671673.26908687
180671673.26908687
180671673.26908687
180671673.26908687
180671673.26908687
180671673.26908687
2223829961.116782
3124697533.789045
180671673.26908687
370054645.9255984
180671673.26908687
180671673.26908687
180671673.26908687
180671673.26908687
180671673.26908687
180671673.26908687
180671673.26908687
180671673.26908687
180671673.26908687
180671673.26908687
180671673.26908687
180671673.26908687
180671673.26908687
180671673.26908687
180671673.26908687
180671673.26908687
180671673.26908687
180671673.26908687
180671673.26908687
180671673.26908687
180671673.26908687
180671673.26908687
180671673.26908687
180671673.26908687
180671673.26908687
180671673.26908687
180671673.26908687
180671673.26908687
180671673.26908687
180671673.26908687
180671673.26908687
180671673.26908687
180671673.26908687
180671673.26908687
180671673.26908687
180671673.26908687
180671673.26908687
180671673.26908687
180671673.26908687
180671673.26908687
180671673.26908687
180671673.26908687
180671673.26908687
180671673.26908687
180671673.26908687
180671673.26908687
180671673.26908687
180671673.26908687
180671673.26908687
180671673.26908687
180671673.26908687
198957756.87702125
198278271.10917062
180671673.26908663
187396794.97883824
187656329.63731694
182004469.2674327
183339568.69386914
180793320.10048676
181690712.78547093
180797671.93824154
180695816.77058133
180719794.6495057
180673897.69318357
180690048.1730915
180673922.70033675
180672118.07013488
180672526.64818606
180671715.69426057
180671993.4036254
180671704.33271703
180671679.952356
180671669.88807884
180671682.81862274
180671674.60108814
180671670.32781848
180671671.46229795
180671669.77065337
180671670.38527077
180671669.9739058
180671669.80580214
180671669.81658515
180671669.77065337
196086774.87442416
202917103.44381514
180671669.77065337
189168669.04644793
186557225.27190444
181678764.09030932
181757754.05301234
180707870.99244344
181084026.5211108
180755596.42794734
180678390.1518331
180676312.5511878
180669809.15940282
180673035.86800873
180669972.04308048
180670143.5629145
180669827.76570028
180669792.58539513
180669861.1321205
180669771.05976984
180669788.64217183
180669771.05976984
180669771.05976984
180669771.05976984
180669771.05976984
180669771.05976984
180669771.05976984
180669771.05976984
180669771.05976984
180669771.05976984
180669771.05976984
180669771.05976984
180669771.05976984
2682729640.063758
180669771.05976984
5238878991.117138
5650123122.134321
180669771.05976984
935174590.9966953
180669771.05976984
180669771.05976984
180669771.05976984
180669771.05976984
180669771.05976984
180669771.05976984
180669771.05976984
180669771.05976984
180669771.05976984
180669771.05976984
180669771.05976984
180669771.05976984
180669771.05976984
180669771.05976984
180669771.05976984
180669771.05976984
180669771.05976984
180669771.05976984
180669771.05976984
180669771.05976984
180669771.05976984
180669771.05976984
180669771.05976984
180669771.05976984
180669771.05976984
180669771.05976984
180669771.05976984
180669771.05976984
180669771.05976984
180669771.05976984
180669771.05976984
180669771.05976984
180669771.05976984
180669771.05976984
180669771.05976984
180669771.05976984
180669771.05976984
180669771.05976984
180669771.05976984
180669771.05976984
180669771.05976984
180669771.05976984
180669771.05976984
180669771.05976984
180669771.05976984
180669771.05976984
180669771.05976984
180669771.05976984
180669771.05976984
180669771.05976984
180669771.05976984
213016855.42733416
233032093.87302318
180669771.05976984
200641747.57403624
193025227.32859594
182580884.56898618
183278641.8996705
180843191.321068
181104490.0476608
180735211.30951563
180696719.92271644
180679410.894319
180674090.43669572
180671103.09220958
180670515.73383322
180669917.51788238
180669918.98658177
180669770.9781884
180669781.40417075
180669774.3754059
180669770.96202302
180669770.95632967
180669771.886868
180669770.93632177
180669770.9591495
180669770.93542707
180669770.94345894
180669770.9263937
180669770.92557374
180669770.9218982
180669770.9195854
180669770.91822588
180669770.91738427
180669770.91738427
180669770.91738427
180669770.91738427
180669770.91738427
180669770.91738427
180669770.91738427
180669770.91738427
180669770.91738427
180669770.91738427
180669770.91738427
180669770.91738427
180669770.91738427
180669770.91738427
1496687281.1774037
180669770.91738427
180669770.91738427
180669770.91738427
180669770.91738427
180669770.91738427
180669770.91738427
180669770.91738427
180669770.91738427
180669770.91738427
180669770.91738427
180669770.91738427
180669770.91738427
2697590411.027292
4836430463.94223
180669770.91738427
3705796453.2498155
180669770.91738427
180669770.91738427
180669770.91738427
180669770.91738427
180669770.91738427
180669770.91738427
180669770.91738427
180669770.91738427
180669770.91738427
180669770.91738427
180669770.91738427
180669770.91738427
180669770.91738427
180669770.91738427
180669770.91738427
180669770.91738427
180669770.91738427
180669770.91738427
180669770.91738427
180669770.91738427
180669770.91738427
180669770.91738427
180669770.91738427
180669770.91738427
180669770.91738427
180669770.91738427
180669770.91738427
180669770.91738427
180669770.91738427
180669770.91738427
180669770.91738427
180669770.91738427
180669770.91738427
180669770.91738427
180669770.91738427
180669770.91738427
180669770.91738427
180669770.91738427
180669770.91738427
180669770.91738427
180669770.91738427
180669770.91738427
180669770.91738427
180669770.91738427
180669770.91738427
180669770.91738427
180669770.91738427
180669770.91738427
180669770.91738427
180669770.91738427
180669770.91738427
209136447.181695
227134685.63633725
180669770.91738427
198419446.54025128
191552106.2137455
182336172.38777697
182990849.1162254
180840521.20058492
181041602.18114933
180719191.6739566
180700407.9760579
180674330.25267082
180676331.91383088
180670290.03376892
180670773.36280578
180669888.55778244
180669871.41214138
180669774.17837763
180669794.59818807
180669779.2289965
180669771.5206824
180669770.9868701
180669772.16303053
180669771.3931379
180669770.93194428
180669771.09915712
180669770.9867402
180669770.92135325
180669770.94384274
180669770.92783552
180669770.91878086
180669770.92135146
180669770.91781864
180669770.9192329
180669770.91754577
180669770.9180121
180669770.91747835
180669770.91738427
180669770.91738427
180669770.91738427
180669770.91738427
180669770.91738427
180669770.91738427
180669770.91738427
180669770.91738427
180669770.91738427
180669770.91738427
180669770.91738427
180669770.91738427
180669770.91738427
940173972.6414925
180669770.91738427
180669770.91738427
180669770.91738427
180669770.91738427
180669770.91738427
180669770.91738427
180669770.91738427
180669770.91738427
180669770.91738427
180669770.91738427
180669770.91738427
180669770.91738427
1815487137.366057
350015950.0101203
180669770.91738427
180669770.91738427
350015950.0101203
180669770.91738427
180669770.91738427
180669770.91738427
180669770.91738427
180669770.91738427
180669770.91738427
180669770.91738427
180669770.91738427
180669770.91738427
202108633.37407336
215358445.3124107
180669770.91738427
193919664.3772179
188858687.44853342
181935032.59538442
182400677.4895011
180786178.847977
180956984.39857212
180712471.92798716
180688196.681001
180675839.0983012
180672859.39997905
180670515.183054
180670355.9089367
180669810.11197472
180669904.73779708
180669822.03220904
180669773.2595298
180669779.3996751
180669773.42384
180669770.5546557
180669772.0843916
180669770.50911
180669770.85161123
180669770.49019915
180669770.5018929
180669770.48698804
180669770.49140203
180669770.48262942
180669770.48262942
166557095.94993317
143722309.03170216
1011571807.4194351
143722309.03170216
1011571807.4194351
379626569.596114
65921333.760976836
41659336.372652456
56993663.18172146
35597030.255309
34146302.92533869
30835457.051630042
34349024.5080729
32333800.110353705
31925346.454562604
30835457.051630042
625640.6218741379
625640.6218741379
625640.6218741379
625640.6218741379
625640.6218741379
625640.6218741379
625640.6218741379
625640.6218741379
625640.6218741379
625640.6218741379
625640.6218741379
625640.6218741379
625640.6218741379
629640504.172687
625640.6218741379
625640.6218741379
625640.6218741379
629640504.172687
625640.6218741379
625640.6218741379
625640.6218741379
625640.6218741379
625640.6218741379
625640.6218741379
625640.6218741379
625640.6218741379
625640.6218741379
625640.6218741379
625640.6218741379
625640.6218741379
625640.6218741379
625640.6218741379
625640.6218741379
625640.6218741379
625640.6218741379
625640.6218741379
625640.6218741379
625640.6218741379
625640.6218741379
625640.6218741379
625640.6218741379
625640.6218741379
625640.6218741379
625640.6218741379
625640.6218741379
625640.6218741379
625640.6218741379
625640.6218741379
625640.6218741379
625640.6218741379
625640.6218741379
625640.6218741379
625640.6218741379
625640.6218741379
625640.6218741379
625640.6218741379
625640.6218741379
625640.6218741379
625640.6218741379
625640.6218741379
625640.6218741379
718951.9858870141
2650470856.238466
625640.6218741379
2268305981.445858
625640.6218741379
625640.6218741379
625640.6218741379
625640.6218741379
625640.6218741379
625640.6218741379
625640.6218741379
625640.6218741379
625640.6218741379
625640.6218741379
625640.6218741379
625640.6218741379
625640.6218741379
625640.6218741379
625640.6218741379
625640.6218741379
625640.6218741379
625640.6218741379
625640.6218741379
625640.6218741379
625640.6218741379
625640.6218741379
625640.6218741379
625640.6218741379
625640.6218741379
625640.6218741379
625640.6218741379
625640.6218741379
625640.6218741379
625640.6218741379
625640.6218741379
625640.6218741379
625640.6218741379
625640.6218741379
625640.6218741379
625640.6218741379
625640.6218741379
625640.6218741379
625640.6218741379
625640.6218741379
625640.6218741379
625640.6218741379
625640.6218741379
625640.6218741379
625640.6218741379
625640.6218741379
625640.6218741379
625640.6218741379
625640.6218741379
625640.6218741379
625640.6218741379
625640.6218741379
625640.6218741379
625640.6218741379
625640.6218741379
625640.6218741379
625640.6218741379
625640.6218741379
625640.6218741379
625640.6218741379
625640.6218741379
625640.6218741379
625640.6218741379
625640.6218741379
625640.6218741379
625640.6218741379
625640.6218741379
625640.6218741379
625640.6218741379
625640.6218741379
625640.6218741379
625640.6218741379
625640.6218741379
625640.6218741379
625640.6218741379
625738.7361896271
625640.6218741379
625640.6218741379
625640.6218741379
625640.6218741379
625640.6218741379
625640.6218741379
625640.6218741379
625640.6218741379
625640.6218741379
625640.6218741379
625640.6218741379
625640.6218741379
3350808.4075739286
3367023.075643705
625640.6218741379
625640.6218741379
625640.6218741379
3367023.075643705
625640.6218741379
625640.6218741379
625640.6218741379
625640.6218741379
625640.6218741379
625640.6218741379
625640.6218741379
625640.6218741379
625640.6218741379
625640.6218741379
625640.6218741379
625640.6218741379
625640.6218741379
625640.6218741379
625640.6218741379
625640.6218741379
625640.6218741379
625640.6218741379
625640.6218741379
625640.6218741379
625640.6218741379
625640.6218741379
625640.6218741379
625640.6218741379
625640.6218741379
625640.6218741379
625640.6218741379
625640.6218741379
625640.6218741379
625640.6218741379
625640.6218741379
625640.6218741379
625640.6218741379
625640.6218741379
625640.6218741379
625640.6218741379
625640.6218741379
625640.6218741379
625640.6218741379
625640.6218741379
625640.6218741379
625640.6218741379
625640.6218741379
625640.6218741379
4444177903.58294
625640.6218741379
665161.3345868217
4976445740.015303
625640.6218741379
827415.9840164436
625640.6218741379
625640.6218741379
625640.6218741379
625640.6218741379
625640.6218741379
625640.6218741379
625640.6218741379
625640.6218741379
625640.6218741379
625640.6218741379
625640.6218741379
625640.6218741379
625640.6218741379
625640.6218741379
625640.6218741379
625640.6218741379
625640.6218741379
625640.6218741379
625640.6218741379
625640.6218741379
625640.6218741379
625640.6218741379
625640.6218741379
625640.6218741379
625640.6218741379
625640.6218741379
625640.6218741379
625640.6218741379
625640.6218741379
625640.6218741379
625640.6218741379
625640.6218741379
625640.6218741379
625640.6218741379
625640.6218741379
625640.6218741379
625640.6218741379
625640.6218741379
625640.6218741379
625640.6218741379
625640.6218741379
625640.6218741379
625640.6218741379
625640.6218741379
625640.6218741379
625640.6218741379
625640.6218741379
625640.6218741379
625640.6218741379
625640.6218741379
625640.6218741379
625577.7941186276
2377909792.153505
625577.7941186276
2373690917.924174
625601.7853588283
625589.7879690594
2372079451.4178534
625572.1329901823
625568.6348354087
625566.4731163846
625565.1372061585
2371989647.463672
625565.1372061585
625565.1372061585
625565.1372061585
625565.1372061585
625565.1372061585
625565.1372061585
625565.1372061585
625565.1372061585
625565.1372061585
625565.1372061585
625565.1372061585
625565.1372061585
625565.1372061585
625565.1372061585
1841013877.1235259
625565.1372061585
625565.1372061585
625565.1372061585
1841013877.1235259
625565.1372061585
625565.1372061585
625565.1372061585
625565.1372061585
625565.1372061585
625565.1372061585
625565.1372061585
4217666672.61065
540049.2489850428
315539.95981251914
315539.95981251914
315539.95981251914
315539.95981251914
315539.95981251914
315539.95981251914
315539.95981251914
315539.95981251914
315539.95981251914
315539.95981251914
315539.95981251914
315539.95981251914
315539.95981251914
315539.95981251914
315539.95981251914
315539.95981251914
315539.95981251914
315539.95981251914
315539.95981251914
315539.95981251914
315539.95981251914
315539.95981251914
315539.95981251914
315539.95981251914
315539.95981251914
315539.95981251914
315539.95981251914
315539.95981251914
315539.95981251914
315539.95981251914
315539.95981251914
315539.95981251914
315539.95981251914
315539.95981251914
315539.95981251914
315539.95981251914
315539.95981251914
315539.95981251914
315539.95981251914
315539.95981251914
315539.95981251914
315539.95981251914
315539.95981251914
315539.95981251914
315539.95981251914
315539.95981251914
315539.95981251914
315539.95981251914
315539.95981251914
315539.95981251914
315539.95981251914
625565.1372061585
315539.95981251914
315539.95981251914
315539.95981251914
315539.95981251914
315539.95981251914
315539.95981251914
315539.95981251914
315539.95981251914
315539.95981251914
315539.95981251914
315539.95981251914
315539.95981251914
315539.95981251914
315539.95981251914
315539.95981251914
315539.95981251914
315539.95981251914
315539.95981251914
315539.95981251914
315539.95981251914
315539.95981251914
315539.95981251914
315539.95981251914
315539.95981251914
315539.95981251914
315539.95981251914
315539.95981251914
580396576.3451626
315539.95981251914
315539.95981251914
315539.95981251914
580396576.3451626
315539.95981251914
315539.95981251914
315539.95981251914
315539.95981251914
315539.95981251914
315539.95981251914
315539.95981251914
2810415737.1455407
3026587431.1829104
315539.95981251914
1675574758.0538337
315539.95981251914
315539.95981251914
315539.95981251914
315539.95981251914
315539.95981251914
315539.95981251914
315539.95981251914
315539.95981251914
315539.95981251914
315539.95981251914
315539.95981251914
315539.95981251914
315539.95981251914
315539.95981251914
315539.95981251914
315539.95981251914
315539.95981251914
315539.95981251914
315539.95981251914
315539.95981251914
315539.95981251914
315539.95981251914
315539.95981251914
315539.95981251914
315539.95981251914
315539.95981251914
315539.95981251914
315539.95981251914
315539.95981251914
315539.95981251914
315539.95981251914
315539.95981251914
315539.95981251914
315539.95981251914
315539.95981251914
315539.95981251914
315539.95981251914
315539.95981251914
315539.95981251914
315539.95981251914
315539.95981251914
315539.95981251914
315539.95981251914
315539.95981251914
315539.95981251914
315539.95981251914
315539.95981251914
315539.95981251914
315539.95981251914
315539.95981251914
315539.95981251914
315539.95981251955
315540.27905347693
315539.95981251914
315539.95981251926
315539.9598125193
315539.95981251943
315539.9598125193
315539.95981251943
315539.95981251914
315539.95981251926
315539.9598125192
315539.9598125193
315539.9598125193
315539.95981251914
315539.95981251914
315539.9598125193
315539.9598125193
315539.95981251926
315539.95981251914
318471.2711142121
307457.02203721827
281750.7213438161
1230427094.0097268
281750.7213438161
282877.7147263781
290684.3567495455
276912.88516489184
277206.59187848715
277564.265494166
276615.14015925623
276615.14015925623
1057130802.0067782
276615.14015925623
276615.14015925623
276615.14015925623
276615.14015925623
276615.14015925623
276615.14015925623
276615.14015925623
276615.14015925623
276615.14015925623
276615.14015925623
276615.14015925623
276615.14015925623
74604986.28129712
276677.8794155895
276615.14015925623
276615.14015925623
276677.8794155895
276615.14015925623
276615.14015925623
276615.14015925623
276615.14015925623
276615.14015925623
276615.14015925623
276615.14015925623
276615.14015925623
276615.14015925623
276615.14015925623
276615.14015925623
276615.14015925623
276615.14015925623
276615.14015925623
276615.14015925623
276615.14015925623
276615.14015925623
276615.14015925623
276615.14015925623
276615.14015925623
276615.14015925623
276615.14015925623
276615.14015925623
276615.14015925623
276615.14015925623
276615.14015925623
276615.14015925623
276615.14015925623
276615.14015925623
276615.14015925623
276615.14015925623
276615.14015925623
276615.14015925623
672278.4190322718
276615.14015925623
276615.14015925623
276615.14015925623
276615.14015925623
276615.14015925623
276615.14015925623
276615.14015925623
276615.14015925623
276615.14015925623
276615.14015925623
276615.14015925623
276615.14015925623
1365127.339513615
2260911405.0481825
276615.14015925623
2449405358.359299
276615.14015925623
276615.14015925623
276615.14015925623
276615.14015925623
276615.14015925623
276615.14015925623
276615.14015925623
276615.14015925623
276615.14015925623
276615.14015925623
276615.14015925623
276615.14015925623
276615.14015925623
276615.14015925623
276615.14015925623
276615.14015925623
276615.14015925623
276615.14015925623
276615.14015925623
276615.14015925623
276615.14015925623
276615.14015925623
276615.14015925623
276615.14015925623
276615.14015925623
276615.14015925623
276615.14015925623
276615.14015925623
276615.14015925623
276615.14015925623
276615.14015925623
276615.14015925623
276615.14015925623
276615.14015925623
276615.14015925623
276615.14015925623
276615.14015925623
276615.14015925623
276615.14015925623
276615.14015925623
276615.14015925623
276615.14015925623
276615.14015925623
276615.14015925623
276615.14015925623
276615.14015925623
276615.14015925623
276615.14015925623
276615.14015925623
276615.14015925623
276615.14015925623
276615.14015925623
276615.14015925623
276615.14015925623
276615.14015925623
276615.14015925623
276615.14015925623
276615.14015925623
276615.14015925623
276615.14015925623
276615.14015925623
276615.14015925623
276615.14015925623
276615.14015925623
276615.14015925623
276615.14015925623
276615.14015925623
276615.14015925623
276615.14015925623
276615.14015925623
276615.14015925623
276615.14015925623
276615.14015925623
276615.14015925623
276615.14015925623
276615.14015925623
276693.3715069061
276615.14015925623
276615.14015925623
276615.14015925623
276693.3715069061
276615.14015925623
276615.14015925623
276615.14015925623
276615.14015925623
276615.14015925623
276615.14015925623
276615.14015925623
4632369.638686096
2974351.273362243
276615.14015925623
4630900.1400559675
276615.14015925623
276615.14015925623
276615.14015925623
276615.14015925623
276615.14015925623
276615.14015925623
276615.14015925623
276615.14015925623
276615.14015925623
276615.14015925623
276615.14015925623
276615.14015925623
276615.14015925623
276615.14015925623
276615.14015925623
276615.14015925623
276615.14015925623
276615.14015925623
276615.14015925623
276615.14015925623
276615.14015925623
276615.14015925623
276615.14015925623
276615.14015925623
276615.14015925623
276615.14015925623
276615.14015925623
276615.14015925623
276615.14015925623
276615.14015925623
276615.14015925623
276615.14015925623
276615.14015925623
276615.14015925623
276615.14015925623
276615.14015925623
276615.14015925623
276615.14015925623
276615.14015925623
276615.14015925623
276615.14015925623
276615.14015925623
276615.14015925623
276615.14015925623
276615.14015925623
276615.14015925623
276615.14015925623
276615.14015925623
276615.14015925623
276615.14015925623
276615.14015925623
276615.14015925623
276615.14015925623
276615.14015925623
276615.14015925623
276615.14015925623
276615.14015925623
276615.14015925623
276615.14015925623
276615.14015925623
276615.14015925623
276615.14015925623
276615.14015925623
276615.14015925623
276615.14015925623
276615.14015925623
276615.14015925623
276615.14015925623
276615.14015925623
276615.14015925623
276615.14015925623
276615.14015925623
276615.14015925623
276615.14015925623
276615.14015925623
276615.14015925623
276615.14015925623
276615.14015925623
276615.14015925623
276615.14015925623
276615.14015925623
276615.14015925623
276615.14015925623
276615.14015925623
276615.14015925623
276615.14015925623
694141.7077533174
276615.14015925623
316211.3375399194
3517924547.7256074
276615.14015925623
478390.4946838232
276615.14015925623
276615.14015925623
276615.14015925623
276615.14015925623
276615.14015925623
276615.14015925623
276615.14015925623
276615.14015925623
276615.14015925623
276615.14015925623
276615.14015925623
276615.14015925623
276615.14015925623
276615.14015925623
276615.14015925623
276615.14015925623
276615.14015925623
276615.14015925623
276615.14015925623
276615.14015925623
276615.14015925623
276615.14015925623
276615.14015925623
276615.14015925623
276615.14015925623
276615.14015925623
276615.14015925623
276615.14015925623
276615.14015925623
276615.14015925623
276615.14015925623
276615.14015925623
276615.14015925623
276615.14015925623
276615.14015925623
276615.14015925623
276615.14015925623
276615.14015925623
276615.14015925623
276615.14015925623
276615.14015925623
276615.14015925623
276615.14015925623
276615.14015925623
276615.14015925623
276615.14015925623
276615.14015925623
276615.14015925623
276615.14015925623
276615.14015925623
276615.14015925623
276751.38467111805
276716.79087832634
276615.14015925623
276653.9522106068
276789.702759957
276630.74736065563
276804.33896708215
276621.1004571054
276809.929500568
276617.4166065646
276812.0648942847
276616.00965664734
276614.62990911945
276812.5689923512
276614.82480585953
276812.76154067705
276614.7043528328
276812.8350875948
276614.6583440522
276812.86318001244
276614.6407702926
276614.6231965463
276812.86880306137
276614.6231965463
276614.6231965463
276614.6231965463
276614.6231965463
276614.6231965463
276614.6231965463
276614.6231965463
276614.6231965463
276614.6231965463
276614.6231965463
276614.6231965463
276614.6231965463
276614.6231965463
2864882331.791028
276614.6231965463
276614.6231965463
276614.6231965463
276614.6231965463
276614.6231965463
276614.6231965463
276614.6231965463
276614.6231965463
276614.6231965463
276614.6231965463
276614.6231965463
276614.6231965463
584580.9961324844
501246.21398139163
276614.6231965463
276614.6231965463
276614.6231965463
501246.21398139163
276614.6231965463
276614.6231965463
276614.6231965463
276614.6231965463
276614.6231965463
276614.6231965463
276614.6231965463
276614.6231965463
276614.6231965463
276614.6231965463
276614.6231965463
276614.6231965463
276614.6231965463
276614.6231965463
276614.6231965463
276614.6231965463
276614.6231965463
276614.6231965463
276614.6231965463
276614.6231965463
276614.6231965463
276614.6231965463
276614.6231965463
276614.6231965463
276614.6231965463
276614.6231965463
276614.6231965463
276614.6231965463
276614.6231965463
276614.6231965463
276614.6231965463
276614.6231965463
276614.6231965463
559983093.9801105
276614.6231965463
276614.6231965463
276614.6231965463
276614.6231965463
276614.6231965463
276614.6231965463
276614.6231965463
276614.6231965463
276614.6231965463
276614.6231965463
276614.6231965463
276614.6231965463
2912678582.5585823
2899116307.8230233
276614.6231965463
1849199760.4130058
276614.6231965463
276614.6231965463
276614.6231965463
276614.6231965463
276614.6231965463
276614.6231965463
276614.6231965463
276614.6231965463
276614.6231965463
276614.6231965463
276614.6231965463
276614.6231965463
276614.6231965463
276614.6231965463
276614.6231965463
276614.6231965463
276614.6231965463
276614.6231965463
276614.6231965463
276614.6231965463
276614.6231965463
276614.6231965463
276614.6231965463
276614.6231965463
276614.6231965463
276614.6231965463
276614.6231965463
276614.6231965463
276614.6231965463
276614.6231965463
276614.6231965463
276614.6231965463
276614.6231965463
276614.6231965463
276614.6231965463
276614.6231965463
276614.6231965463
276614.6231965463
276614.6231965463
276614.6231965463
276614.6231965463
276614.6231965463
276614.6231965463
276614.6231965463
276614.6231965463
276614.6231965463
276614.6231965463
276614.6231965463
276614.6231965463
276614.6231965463
276614.6231965463
276674.53709849605
276526.01812905347
275580.12563140376
1189433792.9273615
275580.12563140376
1597574624.0235853
276022.28279881115
275862.6571045978
242260.29156309983
1521116812.784991
275144.6431318196
242215.02225365816
242203.5254927508
242179.93889213607
242165.36157101172
242165.36157101172
282545.6835379061
248174.49715653772
242165.36157101172
244184.46070431042
277268.5690817079
243057.55308653376
275480.98242979293
242487.3928245126
275151.2484008401
242284.2024554419
275127.76168165123
242209.85701836977
275119.1094864693
242182.17471930227
242157.0943129671
275117.0927052818
242160.23545591286
275116.32495699986
242158.290757781
242156.3582274819
275116.143925393
242156.63893066384
275116.0747985619
242156.46535234211
242156.3582274819
242156.3582274819
1306457623.363686
242156.3582274819
242156.3582274819
242156.3582274819
242156.3582274819
242156.3582274819
1306457623.363686
242156.3582274819
242156.3582274819
242156.3582274819
242156.3582274819
3265405.5929391524
4083566.6371449283
242156.3582274819
242236.52594067698
242156.3582274819
242156.3582274819
242156.3582274819
242156.3582274819
242156.3582274819
242156.3582274819
242156.3582274819
242156.3582274819
242156.3582274819
242156.3582274819
242156.3582274819
242156.3582274819
242156.3582274819
242156.3582274819
242156.3582274819
242156.3582274819
242156.3582274819
242156.3582274819
242156.3582274819
242156.3582274819
242156.3582274819
242156.3582274819
242156.3582274819
242156.3582274819
242156.3582274819
242156.3582274819
242156.3582274819
242156.3582274819
242156.3582274819
242156.3582274819
242156.3582274819
242156.3582274819
242156.3582274819
242156.3582274819
242156.3582274819
242156.3582274819
242156.3582274819
242156.3582274819
242156.3582274819
242156.3582274819
242156.3582274819
242156.3582274819
242156.3582274819
242156.3582274819
242156.3582274819
242156.3582274819
242156.3582274819
242156.3582274819
242156.3582274819
242156.3582274819
242156.3582274819
242156.3582274819
242156.3582274819
242156.3582274819
242156.3582274819
242156.3582274819
242156.3582274819
242156.3582274819
242156.3582274819
242156.3582274819
242156.3582274819
242156.3582274819
242156.3582274819
242156.3582274819
242156.3582274819
242156.3582274819
242156.3582274819
242156.3582274819
242156.3582274819
242156.3582274819
242156.3582274819
242156.3582274819
242156.3582274819
242156.3582274819
242156.3582274819
242156.3582274819
615422.4837311086
242156.3582274819
242156.3582274819
242156.3582274819
242156.3582274819
242156.3582274819
615422.4837311086
242156.3582274819
242156.3582274819
242156.3582274819
242156.3582274819
1350166.7198382956
2725843851.596104
242156.3582274819
2920039320.788552
242156.3582274819
242156.3582274819
242156.3582274819
242156.3582274819
242156.3582274819
242156.3582274819
242156.3582274819
242156.3582274819
242156.3582274819
242156.3582274819
242156.3582274819
242156.3582274819
242156.3582274819
242156.3582274819
242156.3582274819
242156.3582274819
242156.3582274819
242156.3582274819
242156.3582274819
242156.3582274819
242156.3582274819
242156.3582274819
242156.3582274819
242156.3582274819
242156.3582274819
242156.3582274819
242156.3582274819
242156.3582274819
242156.3582274819
242156.3582274819
242156.3582274819
242156.3582274819
242156.3582274819
242156.3582274819
242156.3582274819
242156.3582274819
242156.3582274819
242156.3582274819
242156.3582274819
242156.3582274819
242156.3582274819
242156.3582274819
242156.3582274819
242156.3582274819
242156.3582274819
242156.3582274819
242156.3582274819
242156.3582274819
242156.3582274819
242156.3582274819
242156.3582274819
242156.3582274819
242156.3582274819
242156.3582274819
242156.3582274819
242156.3582274819
242156.3582274819
242156.3582274819
242156.3582274819
242156.3582274819
242156.3582274819
242156.3582274819
242156.3582274819
242156.3582274819
242156.3582274819
242156.3582274819
242156.3582274819
242156.3582274819
242156.3582274819
242156.3582274819
242156.3582274819
242156.3582274819
242156.3582274819
242156.3582274819
242156.3582274819
242217.7634257724
242156.3582274819
242156.3582274819
242156.3582274819
242156.3582274819
242156.3582274819
242156.3582274819
242156.3582274819
242156.3582274819
242156.3582274819
242156.3582274819
242156.3582274819
242156.3582274819
4608998.5398105495
2953660.4777181214
242156.3582274819
4588241.0849790275
242156.3582274819
242156.3582274819
242156.3582274819
242156.3582274819
242156.3582274819
242156.3582274819
242156.3582274819
242156.3582274819
242156.3582274819
242156.3582274819
242156.3582274819
242156.3582274819
242156.3582274819
242156.3582274819
242156.3582274819
242156.3582274819
242156.3582274819
242156.3582274819
242156.3582274819
242156.3582274819
242156.3582274819
242156.3582274819
242156.3582274819
242156.3582274819
242156.3582274819
242156.3582274819
242156.3582274819
242156.3582274819
242156.3582274819
242156.3582274819
242156.3582274819
242156.3582274819
242156.3582274819
242156.3582274819
242156.3582274819
242156.3582274819
242156.3582274819
242156.3582274819
242156.3582274819
242156.3582274819
242156.3582274819
242156.3582274819
242156.3582274819
242156.3582274819
242156.3582274819
242156.3582274819
242156.3582274819
242156.3582274819
242156.3582274819
242156.3582274819
242156.3582274819
242156.3582274819
242156.3582274819
242156.3582274819
242156.3582274819
242156.3582274819
242156.3582274819
242156.3582274819
242156.3582274819
242156.3582274819
242156.3582274819
242156.3582274819
242156.3582274819
242156.3582274819
242156.3582274819
242156.3582274819
242156.3582274819
242156.3582274819
242156.3582274819
242156.3582274819
242156.3582274819
242156.3582274819
242156.3582274819
242156.3582274819
242156.3582274819
242156.3582274819
242156.3582274819
242156.3582274819
242156.3582274819
242156.3582274819
242156.3582274819
242156.3582274819
242156.3582274819
242156.3582274819
242156.3582274819
242156.3582274819
468454569.67514133
242156.3582274819
281753.07257085503
4326941529.281156
242156.3582274819
443931.7127520474
242156.3582274819
242156.3582274819
242156.3582274819
242156.3582274819
242156.3582274819
242156.3582274819
242156.3582274819
242156.3582274819
242156.3582274819
242156.3582274819
242156.3582274819
242156.3582274819
242156.3582274819
242156.3582274819
242156.3582274819
242156.3582274819
242156.3582274819
242156.3582274819
242156.3582274819
242156.3582274819
242156.3582274819
242156.3582274819
242156.3582274819
242156.3582274819
242156.3582274819
242156.3582274819
242156.3582274819
242156.3582274819
242156.3582274819
242156.3582274819
242156.3582274819
242156.3582274819
242156.3582274819
242156.3582274819
242156.3582274819
242156.3582274819
242156.3582274819
242156.3582274819
242156.3582274819
242156.3582274819
242156.3582274819
242156.3582274819
242156.3582274819
242156.3582274819
242156.3582274819
242156.3582274819
242156.3582274819
242156.3582274819
242156.3582274819
242156.3582274819
242156.3582274819
242292.60897229257
242258.008354759
242156.3582274819
242195.16968741643
242330.92706113658
242171.9652853163
242345.56326826097
242162.3184549096
242351.1538017469
242158.6346452611
242353.28919546425
242157.22771318798
242354.10484326046
242156.69033721928
242354.41639298675
242156.4850814891
242354.53539438688
242156.40668130878
242354.58084887674
242156.37673517733
242354.59821095128
242156.36529679594
242354.60484266648
242156.36092771983
242354.60737576307
242156.35925888238
242156.35762221128
242156.35724813447
3075561859.0048003
242156.3573910212
242156.35715982292
242156.3571052498
242156.35707151768
242156.35705067232
3075769882.0979214
242156.35705067232
242156.35705067232
242156.35705067232
242156.35705067232
242156.35705067232
242156.35705067232
242156.35705067232
242156.35705067232
242156.35705067232
242156.35705067232
242156.35705067232
242156.35705067232
242156.35705067232
242156.35705067232
4895744792.354277
242156.35705067232
242156.35705067232
4895744792.354277
242156.35705067232
242156.35705067232
242156.35705067232
242156.35705067232
242156.35705067232
242156.35705067232
242156.35705067232
242156.35705067232
547763.7692098066
5424483717.194948
242156.35705067232
466822.2931492132
242156.35705067232
242156.35705067232
242156.35705067232
242156.35705067232
242156.35705067232
242156.35705067232
242156.35705067232
242156.35705067232
242156.35705067232
242156.35705067232
242156.35705067232
242156.35705067232
242156.35705067232
242156.35705067232
242156.35705067232
242156.35705067232
242156.35705067232
242156.35705067232
242156.35705067232
242156.35705067232
242156.35705067232
242156.35705067232
242156.35705067232
242156.35705067232
242156.35705067232
242156.35705067232
242156.35705067232
242156.35705067232
242156.35705067232
242156.35705067232
242156.35705067232
242156.35705067232
242156.35705067232
242156.35705067232
242156.35705067232
242156.35705067232
242156.35705067232
242156.35705067232
242156.35705067232
242156.35705067232
242156.35705067232
242156.35705067232
242156.35705067232
242156.35705067232
242156.35705067232
242156.35705067232
242156.35705067232
242156.35705067232
242156.35705067232
242156.35705067232
242156.35705067232
242156.35705067232
242157.11917860733
242156.35705067232
242156.35705067232
242156.35705067232
242157.24739192732
242156.35705067232
242156.35705067232
242156.35705067232
242156.35705067232
242156.35705067232
242156.35705067232
242156.35705067232
242156.35705067232
242156.35705067232
242156.35705067232
242156.35705067232
242156.35705067232
242156.35705067232
242156.35705067232
242156.35705067232
242156.35705067232
242156.35705067232
242156.35705067232
242156.35705067232
242156.35705067232
1913736698.9202137
242156.35705067232
242156.35705067232
1913736698.9202137
242156.35705067232
242156.35705067232
242156.35705067232
242156.35705067232
242156.35705067232
242156.35705067232
242156.35705067232
242156.35705067232
2131408075.3741796
4204664258.643554
242156.35705067232
2339159856.845622
242156.35705067232
242156.35705067232
242156.35705067232
242156.35705067232
242156.35705067232
242156.35705067232
242156.35705067232
242156.35705067232
242156.35705067232
242156.35705067232
242156.35705067232
242156.35705067232
242156.35705067232
242156.35705067232
242156.35705067232
242156.35705067232
242156.35705067232
242156.35705067232
242156.35705067232
242156.35705067232
242156.35705067232
242156.35705067232
242156.35705067232
242156.35705067232
242156.35705067232
242156.35705067232
242156.35705067232
242156.35705067232
242156.35705067232
242156.35705067232
242156.35705067232
242156.35705067232
242156.35705067232
242156.35705067232
242156.35705067232
242156.35705067232
242156.35705067232
242156.35705067232
242156.35705067232
242156.35705067232
242156.35705067232
242156.35705067232
242156.35705067232
242156.35705067232
242156.35705067232
242156.35705067232
242156.35705067232
242156.35705067232
242156.35705067232
242156.35705067232
242156.35705067232
242218.35701967246
3017260853.4507027
242156.35705067232
2991380681.3805895
242180.0389308314
242168.19799035473
2981495401.459165
2977719569.2965155
242160.87988703905
2976277331.538633
242158.08462038796
242155.54140290982
242155.03730486057
2976066911.9488597
242155.22985317602
2975986538.824191
242155.11085177038
242154.99185036964
242154.9637579488
242154.94639587763
242154.94639587763
282576.36565025203
248158.38017721853
242154.94639587763
244170.83281112617
277295.406835042
243045.17838018778
275505.09418312623
242475.81483620525
275153.62120843376
242273.11941752766
275130.0157095579
242199.0735388382
275121.3181391237
242171.56728308188
275118.0424987892
242161.24061999048
275116.79810545564
242157.33797681984
275116.32378017093
242155.8570159328
275116.14274857607
242155.29358153004
275116.07362174947
242155.07887461444
275116.04722072877
242154.99697238705
2975974686.7301836
242154.96570988122
2975974764.486922
242154.95377244902
2975974794.187508
242154.9492133674
2975974805.532042
242154.9474720466
242154.94585798637
2975974808.2101207
242154.94606344192
242154.9457310082
242154.94565253152
242154.9456040303
2975974808.4517417
242154.94562255614
2975974808.543903
242154.94561197492
242154.9456040303
1963259956.7861803
242154.9456040303
242154.9456040303
242154.9456040303
242154.9456040303
242154.9456040303
242154.9456040303
242154.9456040303
242154.9456040303
242154.9456040303
242154.9456040303
242154.9456040303
242154.9456040303
593595734.2135266
1386451224.9194937
242154.9456040303
242255.8551536504
242154.9456040303
242154.9456040303
242154.9456040303
242154.9456040303
242154.9456040303
242154.9456040303
242154.9456040303
242154.9456040303
242154.9456040303
242154.9456040303
242154.9456040303
242154.9456040303
242154.9456040303
242154.9456040303
242154.9456040303
242154.9456040303
242154.9456040303
242154.9456040303
242154.9456040303
242154.9456040303
242154.9456040303
242154.9456040303
242154.9456040303
242154.9456040303
242154.9456040303
242154.9456040303
242154.9456040303
242154.9456040303
242154.9456040303
242154.9456040303
242154.9456040303
242154.9456040303
242154.9456040303
242154.9456040303
242154.9456040303
242154.9456040303
242154.9456040303
242154.9456040303
242154.9456040303
242154.9456040303
242154.9456040303
242154.9456040303
242154.9456040303
242154.9456040303
242154.9456040303
242154.9456040303
242154.9456040303
242154.9456040303
242154.9456040303
242154.9456040303
242154.9456040303
242154.9456040303
242154.9456040303
242154.9456040303
242154.9456040303
242154.9456040303
242154.9456040303
242154.9456040303
242154.9456040303
242154.9456040303
242154.9456040303
242154.9456040303
242154.9456040303
242154.9456040303
242154.9456040303
242154.9456040303
242154.9456040303
242154.9456040303
242154.9456040303
242154.9456040303
242154.9456040303
242154.9456040303
242154.9456040303
242154.9456040303
242154.9456040303
537580.7688799493
242154.9456040303
242154.9456040303
242154.9456040303
242154.9456040303
242154.9456040303
242154.9456040303
242154.9456040303
242154.9456040303
242154.9456040303
242154.9456040303
242154.9456040303
242154.9456040303
1356622.5963617251
3390303922.0371795
242154.9456040303
3805876435.888962
242154.9456040303
242154.9456040303
242154.9456040303
242154.9456040303
242154.9456040303
242154.9456040303
242154.9456040303
242154.9456040303
242154.9456040303
242154.9456040303
242154.9456040303
242154.9456040303
242154.9456040303
242154.9456040303
242154.9456040303
242154.9456040303
242154.9456040303
242154.9456040303
242154.9456040303
242154.9456040303
242154.9456040303
242154.9456040303
242154.9456040303
242154.9456040303
242154.9456040303
242154.9456040303
242154.9456040303
242154.9456040303
242154.9456040303
242154.9456040303
242154.9456040303
242154.9456040303
242154.9456040303
242154.9456040303
242154.9456040303
242154.9456040303
242154.9456040303
242154.9456040303
242154.9456040303
242154.9456040303
242154.9456040303
242154.9456040303
242154.9456040303
242154.9456040303
242154.9456040303
242154.9456040303
242154.9456040303
242154.9456040303
242154.9456040303
242154.9456040303
242154.9456040303
242154.9456040303
242154.9456040303
242154.9456040303
242154.9456040303
242154.9456040303
242154.9456040303
242154.9456040303
242154.9456040303
242154.9456040303
242154.9456040303
242154.9456040303
242154.9456040303
242154.9456040303
242154.9456040303
242154.9456040303
242154.9456040303
242154.9456040303
242154.9456040303
242154.9456040303
242154.9456040303
242154.9456040303
242154.9456040303
242154.9456040303
242154.9456040303
242154.9456040303
242176.9007708422
242154.9456040303
242154.9456040303
242176.9007708422
242154.9456040303
242154.9456040303
242154.9456040303
242154.9456040303
242154.9456040303
242154.9456040303
242154.9456040303
242154.9456040303
4598658.559172442
2960875.0039335396
242154.9456040303
4599855.476624101
242154.9456040303
242154.9456040303
242154.9456040303
242154.9456040303
242154.9456040303
242154.9456040303
242154.9456040303
242154.9456040303
242154.9456040303
242154.9456040303
242154.9456040303
242154.9456040303
242154.9456040303
242154.9456040303
242154.9456040303
242154.9456040303
242154.9456040303
242154.9456040303
242154.9456040303
242154.9456040303
242154.9456040303
242154.9456040303
242154.9456040303
242154.9456040303
242154.9456040303
242154.9456040303
242154.9456040303
242154.9456040303
242154.9456040303
242154.9456040303
242154.9456040303
242154.9456040303
242154.9456040303
242154.9456040303
242154.9456040303
242154.9456040303
242154.9456040303
242154.9456040303
242154.9456040303
242154.9456040303
242154.9456040303
242154.9456040303
242154.9456040303
242154.9456040303
242154.9456040303
242154.9456040303
242154.9456040303
242154.9456040303
242154.9456040303
242154.9456040303
242154.9456040303
242154.9456040303
242154.9456040303
242154.9456040303
242154.9456040303
242154.9456040303
242154.9456040303
242154.9456040303
242154.9456040303
242154.9456040303
242154.9456040303
242154.9456040303
242154.9456040303
242154.9456040303
242154.9456040303
242154.9456040303
242154.9456040303
242154.9456040303
242154.9456040303
242154.9456040303
242154.9456040303
242154.9456040303
242154.9456040303
242154.9456040303
242154.9456040303
242154.9456040303
242154.9456040303
242154.9456040303
242154.9456040303
242154.9456040303
242154.9456040303
242154.9456040303
242154.9456040303
242154.9456040303
242154.9456040303
242154.9456040303
