15330534.031637637
15330534.031637637
15330533.95001807
15330534.061346088
15330534.031637637
15330534.031637637
15330534.034362327
15330533.966188503
15330534.031637637
15330534.031637637
15330534.11052889
15330534.067379013
15330534.031637637
15330534.020717192
15330534.020717192
15330533.939099386
15330534.05042526
15330534.020717192
15330534.020717192
15330534.023443237
15330533.955271002
15330534.020717192
15330534.020717192
15330534.099612778
15330534.056447508
15330534.020717192
15330260.871095425
15330260.871095425
15330260.789472636
15330260.900811438
15330260.871095425
15330260.871095425
15330260.87382444
15330260.805649623
15330260.871095425
15330260.871095425
15330260.949995155
15330260.906828625
15330260.871095425
15329987.705620922
15329987.705620922
15329987.624010434
15329987.735332398
15329987.705620922
15329987.705620922
15329987.708351737
15329987.640174922
15329987.705620922
15329987.705620922
15329987.78451936
15329987.741355512
15329987.705620922
546854851.5351684
546854851.5351684
546854851.613698
546854851.4747406
546854851.5351684
546854851.5351684
546854851.4977033
546854851.6033825
546854851.5351684
546854851.5351684
546854851.4940834
546854851.527379
546854851.5351684
83323127.10930923
83323127.10930923
83323127.19045845
83323127.07496108
83323127.10930923
83323127.10930923
83323127.10133919
83323127.17517556
83323127.10930923
83323127.10930923
83323127.03611442
83323127.07778414
83323127.10930923
6035366.5008389065
6035366.5008389065
6035366.582377127
6035366.470285999
6035366.5008389065
6035366.5008389065
6035366.497163973
6035366.566359632
6035366.5008389065
6035366.5008389065
6035366.422977836
6035366.465867386
6035366.5008389065
6553220.451242009
6553220.451242009
6553220.369667283
6553220.481376196
6553220.451242009
6553220.451242009
6553220.454445501
6553220.385754956
6553220.451242009
6553220.451242009
6553220.52961059
6553220.486594746
6553220.451242009
2077906.7442437327
2077906.7442437327
2077906.8257916798
2077906.7138769764
2077906.7442437327
2077906.7442437327
2077906.7407823263
2077906.8097449385
2077906.7442437327
2077906.7442437327
2077906.666137869
2077906.7090778598
2077906.7442437327
2514759.831350738
2514759.831350738
2514759.749791245
2514759.8616741598
2514759.831350738
2514759.831350738
2514759.834771807
2514759.7658330193
2514759.831350738
2514759.831350738
2514759.9094796344
2514759.8665167703
2514759.831350738
2077906.7442437327
2077906.7442437327
2077906.8257916798
2077906.7138769764
2077906.7442437327
2077906.7442437327
2077906.7407823263
2077906.8097449385
2077906.7442437327
2077906.7442437327
2077906.666137869
2077906.7090778598
2077906.7442437327
8550870.427979672
8550870.427979672
8550870.346394869
8550870.458008472
8550870.427979672
8550870.427979672
8550870.431072026
8550870.36250615
8550870.427979672
8550870.427979672
8550870.506470917
8550870.46341491
8550870.427979672
2792571.010574197
2792571.010574197
2792570.929018007
2792571.040889444
2792571.010574197
2792571.010574197
2792571.013979301
2792570.9450644283
2792571.010574197
2792571.010574197
2792571.0887134066
2792571.045758936
2792571.010574197
1996512.25778047
1996512.25778047
1996512.176226585
1996512.2881326918
1996512.25778047
1996512.25778047
1996512.2612245183
1996512.1922721441
1996512.25778047
1996512.25778047
1996512.3358791645
1996512.2929340508
1996512.25778047
1992273.465851733
1992273.465851733
1992273.5474072075
1992273.4354896662
1992273.465851733
1992273.465851733
1992273.462394805
1992273.5313525796
1992273.465851733
1992273.465851733
1992273.3877422914
1992273.4306876839
1992273.465851733
1953706.0887478981
1953706.0887478981
1953706.0072003982
1953706.1191073253
1953706.0887478981
1953706.0887478981
1953706.0922039622
1953706.0232373679
1953706.0887478981
1953706.0887478981
1953706.1668485655
1953706.1239034398
1953706.0887478981
1970864.7664460859
1970864.7664460859
1970864.8480132855
1970864.7360947614
1970864.7664460859
1970864.7664460859
1970864.7630047414
1970864.8319705506
1970864.7664460859
1970864.7664460859
1970864.6883439408
1970864.7312935812
1970864.7664460859
1953020.12000639
1953020.12000639
1953020.2015637928
1953020.0896460316
1953020.12000639
1953020.12000639
1953020.1165502798
1953020.1855150776
1953020.12000639
1953020.12000639
1953020.041896038
1953020.0848431238
1953020.12000639
1953020.12000639
1953020.12000639
1953020.2015637928
1953020.0896460316
1953020.12000639
1953020.12000639
1953020.1165502798
1953020.1855150776
1953020.12000639
1953020.12000639
1953020.041896038
1953020.0848431238
1953020.12000639
8676336.729712918
8676336.729712918
8676336.648130966
8676336.759739354
8676336.729712918
8676336.729712918
8676336.732796937
8676336.66423441
8676336.729712918
8676336.729712918
8676336.808218405
8676336.765150988
8676336.729712918
2888194.5468225856
2888194.5468225856
2888194.465261528
2888194.5771361655
2888194.5468225856
2888194.5468225856
2888194.550219958
2888194.4813184193
2888194.5468225856
2888194.5468225856
2888194.6249772073
2888194.5820074053
2888194.5468225856
2081425.3356611892
2081425.3356611892
2081425.2541085551
2081425.366010005
2081425.3356611892
2081425.3356611892
2081425.3391032305
2081425.270158696
2081425.3356611892
2081425.3356611892
2081425.4137669082
2081425.3708159463
2081425.3356611892
1968808.0511511685
1968808.0511511685
1968807.9696031942
1968808.0815143485
1968808.0511511685
1968808.0511511685
1968808.0546052954
1968807.9856480835
1968808.0511511685
1968808.0511511685
1968808.129255967
1968808.086300384
1968808.0511511685
1953123.2347998652
1953123.2347998652
1953123.1532526796
1953123.2651602866
1953123.2347998652
1953123.2347998652
1953123.2382564845
1953123.1692952665
1953123.2347998652
1953123.2347998652
1953123.3129033453
1953123.2699492169
1953123.2347998652
1951607.5636363216
1951607.5636363216
1951607.6451970018
1951607.533283809
1951607.5636363216
1951607.5636363216
1951607.5601957494
1951607.6291462057
1951607.5636363216
1951607.5636363216
1951607.485522929
1951607.528473424
1951607.5636363216
1952590.5425868593
1952590.5425868593
1952590.461032952
1952590.5729409952
1952590.5425868593
1952590.5425868593
1952590.5460411853
1952590.4770841047
1952590.5425868593
1952590.5425868593
1952590.6206868447
1952590.5777381118
1952590.5425868593
1951706.9362360472
1951706.9362360472
1951706.8546863238
1951706.9665884804
1951706.9362360472
1951706.9362360472
1951706.9396898835
1951706.8707281651
1951706.9362360472
1951706.9362360472
1951707.0143382053
1951706.9713827462
1951706.9362360472
1951607.5636363216
1951607.5636363216
1951607.6451970018
1951607.533283809
1951607.5636363216
1951607.5636363216
1951607.5601957494
1951607.6291462057
1951607.5636363216
1951607.5636363216
1951607.485522929
1951607.528473424
1951607.5636363216
1951588.8123649652
1951588.8123649652
1951588.7308128127
1951588.842720622
1951588.8123649652
1951588.8123649652
1951588.8158153398
1951588.7468529686
1951588.8123649652
1951588.8123649652
1951588.8904576052
1951588.8475172352
1951588.8123649652
1951591.4012133423
1951591.4012133423
1951591.4827650012
1951591.370867233
1951591.4012133423
1951591.4012133423
1951591.397762761
1951591.4667247997
1951591.4012133423
1951591.4012133423
1951591.3231012167
1951591.3660570644
1951591.4012133423
1951582.5738125155
1951582.5738125155
1951582.4922560295
1951582.6041700395
1951582.5738125155
1951582.5738125155
1951582.5772673504
1951582.508306714
1951582.5738125155
1951582.5738125155
1951582.651914088
1951582.6089651922
1951582.5738125155
1951583.0019190572
1951583.0019190572
1951583.0834758685
1951582.9715601108
1951583.0019190572
1951583.0019190572
1951582.9984633673
1951583.0674341756
1951583.0019190572
1951583.0019190572
1951582.923814019
1951582.9667645989
1951583.0019190572
1951582.5738125155
1951582.5738125155
1951582.4922560295
1951582.6041700395
1951582.5738125155
1951582.5738125155
1951582.5772673504
1951582.508306714
1951582.5738125155
1951582.5738125155
1951582.651914088
1951582.6089651922
1951582.5738125155
1951594.5174308422
1951594.5174308422
1951594.5989912297
1951594.4870767165
1951594.5174308422
1951594.5174308422
1951594.5139841062
1951594.5829427172
1951594.5174308422
1951594.5174308422
1951594.4393266845
1951594.4822706045
1951594.5174308422
1951583.4348704298
1951583.4348704298
1951583.5164341158
1951583.4045079532
1951583.4348704298
1951583.4348704298
1951583.4314243554
1951583.500381789
1951583.4348704298
1951583.4348704298
1951583.3567536005
1951583.399700981
1951583.4348704298
1951582.0820244502
1951582.0820244502
1951582.0529564144
1951582.112383758
1951582.0820244502
1951582.0820244502
1951582.0854780849
1951582.0369099267
1951582.0820244502
1951582.0820244502
1951582.1601229843
1951582.1171709634
1951582.0820244502
1951582.3505567785
1951582.3505567785
1951582.2690021065
1951582.3809100196
1951582.3505567785
1951582.3505567785
1951582.354010049
1951582.2850502466
1951582.3505567785
1951582.3505567785
1951582.4286591767
1951582.385704778
1951582.3505567785
1951582.1234744005
1951582.1234744005
1951582.041916198
1951582.1538352624
1951582.1234744005
1951582.1234744005
1951582.1269223064
1951582.057965717
1951582.1234744005
1951582.1234744005
1951582.2015729325
1951582.158632035
1951582.1234744005
1951582.0820244502
1951582.0820244502
1951582.0529564144
1951582.112383758
1951582.0820244502
1951582.0820244502
1951582.0854780849
1951582.0369099267
1951582.0820244502
1951582.0820244502
1951582.1601229843
1951582.1171709634
1951582.0820244502
1967417.391510395
1967417.391510395
1967417.4730687777
1967417.3611558957
1967417.391510395
1967417.391510395
1967417.3880558026
1967417.4570132133
1967417.391510395
1967417.391510395
1967417.313402342
1967417.3563532254
1967417.391510395
1953792.6983704662
1953792.6983704662
1953792.7799244935
1953792.6680171797
1953792.6983704662
1953792.6983704662
1953792.694920022
1953792.7638808005
1953792.6983704662
1953792.6983704662
1953792.6202601371
1953792.663209043
1953792.6983704662
1951890.623702222
1951890.623702222
1951890.7052613252
1951890.5933452263
1951890.623702222
1951890.623702222
1951890.6202538812
1951890.68921318
1951890.623702222
1951890.623702222
1951890.5455976967
1951890.5885401007
1951890.623702222
1951625.0751817175
1951625.0751817175
1951625.1567393616
1951625.0448257143
1951625.0751817175
1951625.0751817175
1951625.0717341104
1951625.1406940357
1951625.0751817175
1951625.0751817175
1951624.9970709006
1951625.0400224437
1951625.0751817175
1951588.001666685
1951588.001666685
1951588.083220353
1951587.971314045
1951588.001666685
1951588.001666685
1951587.998216873
1951588.0671750922
1951588.001666685
1951588.001666685
1951587.9235538973
1951587.9665013067
1951588.001666685
1951582.8261077476
1951582.8261077476
1951582.9076594533
1951582.7957507058
1951582.8261077476
1951582.8261077476
1951582.8226536533
1951582.891615147
1951582.8261077476
1951582.8261077476
1951582.7479940152
1951582.7909418056
1951582.8261077476
1951582.1047678953
1951582.1047678953
1951582.1863274002
1951582.0744204898
1951582.1047678953
1951582.1047678953
1951582.1013162176
1951582.1702715778
1951582.1047678953
1951582.1047678953
1951582.0267878573
1951582.0696085608
1951582.1047678953
1951582.0314162422
1951582.0314162422
1951582.1035759628
1951582.0617775116
1951582.0314162422
1951582.0314162422
1951582.034873305
1951582.0875369746
1951582.0314162422
1951582.0314162422
1951582.1095197494
1951582.0665709046
1951582.0314162422
1951582.0766377386
1951582.0766377386
1951582.1581958905
1951582.0462746313
1951582.0766377386
1951582.0766377386
1951582.0731885966
1951582.1421447438
1951582.0766377386
1951582.0766377386
1951582.0549250015
1951582.041476052
1951582.0766377386
1951582.0308089966
1951582.0308089966
1951582.1123613014
1951582.0529899008
1951582.0308089966
1951582.0308089966
1951582.0273660542
1951582.0963148398
1951582.0308089966
1951582.0308089966
1951582.1007386253
1951582.0577853702
1951582.0308089966
1951701.937101236
1951701.937101236
1951702.018657307
1951701.9067470795
1951701.937101236
1951701.937101236
1951701.9336467169
1951702.002610153
1951701.937101236
1951701.937101236
1951701.8589819954
1951701.9019366805
1951701.937101236
1951599.61036828
1951599.61036828
1951599.6919286347
1951599.5800269148
1951599.61036828
1951599.61036828
1951599.6069296217
1951599.675885905
1951599.61036828
1951599.61036828
1951599.5322629549
1951599.5752085072
1951599.61036828
1951584.6080532034
1951584.6080532034
1951584.6896154634
1951584.5776958554
1951584.6080532034
1951584.6080532034
1951584.6046050936
1951584.6735647947
1951584.6080532034
1951584.6080532034
1951584.5299448036
1951584.5728897469
1951584.6080532034
1951582.4086466949
1951582.4086466949
1951582.4902075497
1951582.378307637
1951582.4086466949
1951582.4086466949
1951582.40520716
1951582.4741660913
1951582.4086466949
1951582.4086466949
1951582.3305405602
1951582.3734944859
1951582.4086466949
1951582.08619375
1951582.08619375
1951582.1677578297
1951582.0558365358
1951582.08619375
1951582.08619375
1951582.0827476056
1951582.1517103366
1951582.08619375
1951582.08619375
1951582.0453631987
1951582.0510400394
1951582.08619375
1951582.0388920954
1951582.0388920954
1951582.1204536473
1951582.0449092796
1951582.0388920954
1951582.0388920954
1951582.0354471402
1951582.1043986978
1951582.0388920954
1951582.0388920954
1951582.0926561614
1951582.0496985102
1951582.0388920954
1951582.0316582927
1951582.0316582927
1951582.1132108213
1951582.0521316738
1951582.0316582927
1951582.0316582927
1951582.0282105687
1951582.0971676994
1951582.0316582927
1951582.0316582927
1951582.099876981
1951582.05693164
1951582.0316582927
1951582.030888456
1951582.030888456
1951582.1124399258
1951582.0529145154
1951582.030888456
1951582.030888456
1951582.0274351593
1951582.0964000388
1951582.030888456
1951582.030888456
1951582.1006483815
1951582.057703252
1951582.030888456
1951582.0308159383
1951582.0308159383
1951582.1123699222
1951582.0529848542
1951582.0308159383
1951582.0308159383
1951582.0273683239
1951582.0963253158
1951582.0308159383
1951582.0308159383
1951582.1007243013
1951582.0577737929
1951582.0308159383
1951582.0308077983
1951582.0308077983
1951582.112362094
1951582.0529955537
1951582.0308077983
1951582.0308077983
1951582.0273689171
1951582.0963189343
1951582.0308077983
1951582.0308077983
1951582.1007411925
1951582.0577853478
1951582.0308077983
1951582.0308094665
1951582.0308094665
1951582.1123574083
1951582.0529853476
1951582.0308094665
1951582.0308094665
1951582.027366076
1951582.096318405
1951582.0308094665
1951582.0308094665
1951582.1007360213
1951582.057782441
1951582.0308094665
1951582.030807941
1951582.030807941
1951582.1123643462
1951582.0529948762
1951582.030807941
1951582.030807941
1951582.02737018
1951582.096319485
1951582.030807941
1951582.030807941
1951582.100741423
1951582.057785383
1951582.030807941
1951582.0308077983
1951582.0308077983
1951582.112362094
1951582.0529955537
1951582.0308077983
1951582.0308077983
1951582.0273689171
1951582.0963189343
1951582.0308077983
1951582.0308077983
1951582.1007411925
1951582.0577853478
1951582.0308077983
